shoulder_pan_joint: 0.0001745329
shoulder_lift_joint: -1.160993
elbow_joint: -0.6133087
wrist_1_joint:  0.17889625
wrist_2_joint: -0.7365289
wrist_3_joint: 0.0280998
