kinematics:
  shoulder:
    x: 0
    y: 0
    z: 0.18074959697098392
    roll: -0
    pitch: 0
    yaw: 4.541047771144946e-08
  upper_arm:
    x: 2.5545167794097796e-05
    y: 0
    z: 0
    roll: 1.5701555645807068
    pitch: 0
    yaw: -3.0517135213690296e-06
  forearm:
    x: -0.47834434554280236
    y: 0
    z: 0
    roll: 0.00037709470906371401
    pitch: -7.3262215668300185e-05
    yaw: -9.4146903568670572e-07
  wrist_1:
    x: -0.36017043605034066
    y: 0.00012531320250330666
    z: 0.17438361163003985
    roll: 3.1408740471808447
    pitch: -3.140863827332586
    yaw: 3.1415908737606117
  wrist_2:
    x: 0.00010043346399234337
    y: -0.11976492522788595
    z: 0.0001138197974700635
    roll: 1.5698459670548746
    pitch: 0
    yaw: -4.3123634764236772e-08
  wrist_3:
    x: -4.1726881610982275e-06
    y: 0.11569933123851761
    z: 0.00013659907375774557
    roll: 1.5719769646501611
    pitch: 3.1415926535897931
    yaw: -3.1415925107005975
  hash: calib_9405718787706127882