kinematics:
  shoulder:
    x: 0
    y: 0
    z: 0.16258455947480513
    roll: -0
    pitch: 0
    yaw: 1.8695723968953363e-08
  upper_arm:
    x: 0.00013335179160609334
    y: 0
    z: 0
    roll: 1.5701408851288337
    pitch: 0
    yaw: 1.0210113409900194e-06
  forearm:
    x: -0.4252124233712935
    y: 0
    z: 0
    roll: 0.00017995920275321069
    pitch: 0.001241275946803214
    yaw: 8.5558770680047204e-06
  wrist_1:
    x: -0.39230368625865447
    y: 0.0013918140125796889
    z: 0.13397869668399759
    roll: 3.1312047039877342
    pitch: -3.1413352302507778
    yaw: 3.1415784455328541
  wrist_2:
    x: 4.9367340298403284e-05
    y: -0.099710700116334233
    z: 0.00011209049183332505
    roll: 1.5696721701649137
    pitch: 0
    yaw: 1.675713016124902e-07
  wrist_3:
    x: 1.8290371242860403e-05
    y: 0.09946641137854012
    z: 7.6667223074672832e-05
    roll: 1.5715671116943335
    pitch: 3.1415926535897931
    yaw: 3.141592583375878
  hash: calib_126790233523554972